2021
1975
1978
1983
2021
2018
2009
2004
2001
1986
2010
2008
2001
2021
2021
1992
1993
2009
1994
2015
2009
2021
2007
2016
1993
2008
2011
2000
1999
1984
1986
1989
2021
2021
2021
2010
1984
1981
1976
2015
2011
2020
2012
2021
2001
2007
2013
2017
2016
2021
2017
2019
2005
2021
2014
2016
1997
2011
2020
2020
2006
2020
2020
2013
2020
2018
1989
1994
2020
2012
2020
2013
2020
2014
2010
2009
2011
2011
2020
2014
2012
2020
2014
2013
2018
2018
2018
2012
2020
2019
2019
2020
2008
2003
2020
2015
2020
2010
2016
2019
2017
2011
2019
2017
2011
2019
2019
2018
2019
2019
2008
1975
2018
2017
2011
2018
2017
2012
2018
2018
2018
2017
2011
1992
2016
2007
2015
2013
2011
2016
1977
2002
2018
2018
1974
2018
2015
2011
2016
2008
2016
2004
2002
2017
2015
2008
2013
2007
2010
2018
2005
2014
2004
2018
1973
2017
2009
1989
2003
2014
2003
2018
2000
2014
2015
2007
2015
2011
2007
1993
2016
2009
2003
2014
2018
2014
2018
2005
2018
1978
2007
2016
2011
2018
2018
2000
2016
2013
2008
2009
2018
1981
1984
2013
2008
2014
1995
2013
2011
2011
2014
2010
2010
2016
1976
2013
2017
2018
2016
2004
2012
2016
2017
2017
2014
2014
2006
2004
2004
2007
2013
2006
2009
2006
2018
2015
2018
1980
2008
2009
2018
1976
1979
1982
1985
1999
2015
2017
1993
2009
2004
2011
1976
2018
2001
2002
2003
1992
2002
2007
1991
1990
2005
2011
2019
1977
2013
2013
1982
1996
1994
2000
2014
2018
1995
2006
2017
2019
2018
2015
2008
2011
1984
2018
2006
2012
2004
2019
2010
2007
2001
2013
2006
2017
2014
2005
2006
2021
1975
1978
1983
2021
2018
2009
2004
2001
1986
2010
2008
2001
2021
2021
1992
1993
2009
1994
2015
2009
2021
2007
2016
1993
2008
2011
2000
1999
1984
1986
1989
2021
2021
2021
2010
1984
1981
1976
2015
2011
2020
2012
2021
2001
2007
2013
2017
2016
2021
2017
2019
2005
2021
2014
2016
1997
2011
2020
2020
2006
2020
2020
2013
2020
2018
1989
1994
2020
2012
2020
2013
2020
2014
2010
2009
2011
2011
2020
2014
2012
2020
2014
2013
2018
2018
2018
2012
2020
2019
2019
2020
2008
2003
2020
2015
2020
2010
2016
2019
2017
2011
2019
2017
2011
2019
2019
2018
2019
2019
2008
1975
2018
2017
2011
2018
2017
2012
2018
2018
2018
2017
2011
1992
2016
2007
2015
2013
2011
2016
1977
2002
2018
2018
1974
2018
2015
2011
2016
2008
2016
2004
2002
2017
2015
2008
2013
2007
2010
2018
2005
2014
2004
2018
1973
2017
2009
1989
2003
2014
2003
2018
2000
2014
2015
2007
2015
2011
2007
1993
2016
2009
2003
2014
2018
2014
2018
2005
2018
1978
2007
2016
2011
2018
2018
2000
2016
2013
2008
2009
2018
1981
1984
2013
2008
2014
1995
2013
2011
2011
2014
2010
2010
2016
1976
2013
2017
2018
2016
2004
2012
2016
2017
2017
2014
2014
2006
2004
2004
2007
2013
2006
2009
2006
2018
2015
2018
1980
2008
2009
2018
1976
1979
1982
1985
1999
2015
2017
1993
2009
2004
2011
1976
2018
2001
2002
2003
1992
2002
2007
1991
1990
2005
2011
2019
1977
2013
2013
1982
1996
1994
2000
2014
2018
1995
2006
2017
2019
2018
2015
2008
2011
1984
2018
2006
2012
2004
2019
2010
2007
2001
2013
2006
2017
2014
2005
2006
