      2 1955
      2 1965
      2 1968
      2 1979
      2 1984
      4 1986
      4 1987
      6 1988
      4 1989
      8 1990
      4 1991
      2 1992
      8 1993
      8 1994
     20 1995
     12 1996
     18 1997
     14 1998
     16 1999
     20 2000
     16 2001
     28 2002
     20 2003
     14 2004
     32 2005
     30 2006
     30 2007
     48 2008
     50 2009
     52 2010
     46 2011
     38 2012
     30 2013
     38 2014
     50 2015
     68 2016
     64 2017
     60 2018
     38 2019
     42 2020
     28 2021
