2020
2021
2010
2013
2013
2017
1987
2021
2021
2021
2017
2005
1994
2010
2007
2011
2003
1996
2017
1999
2006
2017
2003
2015
1986
1996
2000
2008
2011
2021
2012
2021
2021
2007
2002
1986
2019
2010
1995
1991
2019
2003
2000
2010
1995
2010
2017
2011
2012
2010
2009
2008
2017
2018
2014
2018
2021
2002
1997
1999
2000
1995
2019
2010
2005
1995
2016
2018
2008
2009
2006
2019
2006
2002
2010
1998
2021
2021
2016
2014
2020
2001
2000
2001
1997
2001
2004
2004
2005
2015
1996
2016
1998
1989
2005
2008
1994
2009
2011
2009
2011
2017
2021
2006
2008
2009
2009
2010
2016
2001
2010
2009
2008
2018
2013
2013
2014
2014
2021
2013
2021
2014
1990
2018
1997
2020
2021
2010
2016
2012
2013
2009
2011
2011
1993
2020
2020
2012
2016
2013
2020
2020
2020
2014
2009
2014
1990
2006
2016
2020
2008
2012
2019
2020
2020
2020
2020
2016
2005
2012
2002
2011
2020
2020
2018
2016
2020
2016
2012
2014
2020
2017
2007
2020
2020
2016
2017
2014
2019
2020
2019
2011
2016
2016
2019
2020
2018
2019
2019
2019
2019
2019
2015
2019
2019
2018
2019
2013
2015
2019
2019
2014
2014
2018
2018
2018
2018
2018
2018
2017
2018
2018
2016
2017
1979
2016
2018
2018
2016
2017
2017
2017
2017
2017
2011
2016
2016
2016
2015
2016
2009
2008
2005
2008
2006
2009
2013
2000
2015
2004
2014
1998
2011
2015
2012
2002
2007
2003
2018
2011
2011
1997
2018
2015
2018
1997
1996
1992
2007
1999
2018
2013
2015
2013
1999
2017
2010
1998
2009
2006
2000
2017
2003
2009
2010
2006
2008
2005
2007
2000
1997
2016
2002
2010
1965
2015
2008
1996
2015
2017
2003
2010
2010
2006
2015
2001
2008
2008
2008
2005
2007
2012
1995
2009
2015
2001
2004
2005
2011
2018
2007
2012
2017
1995
2009
2011
2015
2017
2008
1989
2013
2009
2015
2012
2009
2011
2015
2005
2002
2001
1988
2010
2005
1996
2009
2012
1987
2006
2014
2012
2000
2016
2012
2008
2014
1999
1997
2002
2016
2015
2014
2003
2005
2016
2002
2007
2012
2016
2016
2009
1993
2007
2008
2017
1995
2007
2004
1968
2018
2007
1993
2008
2015
1955
1984
2010
2017
1990
2005
2003
2018
2010
2013
2013
2010
2012
2011
2015
2010
2011
2009
2017
2016
2010
1998
2015
2018
2018
2003
2017
2007
2017
2014
2019
2006
2006
1999
2009
1995
2010
2009
2016
2008
2017
2006
2005
2007
2017
2016
2005
2008
2016
2017
2011
2008
2011
2018
2016
2009
2009
2011
2007
2017
2010
2014
2003
2002
2008
1998
1991
1988
2010
1993
2012
2004
2006
1997
2002
1994
2011
2012
2015
2014
2010
2016
2002
2009
2002
2013
2015
1998
1999
1988
2017
1995
1997
2001
2015
2008
2014
1990
1995
2004
2015
2018
2016
2012
2008
2015
2017
2011
2000
2000
1999
2018
2006
1994
2002
2005
2016
2020
2021
2010
2013
2013
2017
1987
2021
2021
2021
2017
2005
1994
2010
2007
2011
2003
1996
2017
1999
2006
2017
2003
2015
1986
1996
2000
2008
2011
2021
2012
2021
2021
2007
2002
1986
2019
2010
1995
1991
2019
2003
2000
2010
1995
2010
2017
2011
2012
2010
2009
2008
2017
2018
2014
2018
2021
2002
1997
1999
2000
1995
2019
2010
2005
1995
2016
2018
2008
2009
2006
2019
2006
2002
2010
1998
2021
2021
2016
2014
2020
2001
2000
2001
1997
2001
2004
2004
2005
2015
1996
2016
1998
1989
2005
2008
1994
2009
2011
2009
2011
2017
2021
2006
2008
2009
2009
2010
2016
2001
2010
2009
2008
2018
2013
2013
2014
2014
2021
2013
2021
2014
1990
2018
1997
2020
2021
2010
2016
2012
2013
2009
2011
2011
1993
2020
2020
2012
2016
2013
2020
2020
2020
2014
2009
2014
1990
2006
2016
2020
2008
2012
2019
2020
2020
2020
2020
2016
2005
2012
2002
2011
2020
2020
2018
2016
2020
2016
2012
2014
2020
2017
2007
2020
2020
2016
2017
2014
2019
2020
2019
2011
2016
2016
2019
2020
2018
2019
2019
2019
2019
2019
2015
2019
2019
2018
2019
2013
2015
2019
2019
2014
2014
2018
2018
2018
2018
2018
2018
2017
2018
2018
2016
2017
1979
2016
2018
2018
2016
2017
2017
2017
2017
2017
2011
2016
2016
2016
2015
2016
2009
2008
2005
2008
2006
2009
2013
2000
2015
2004
2014
1998
2011
2015
2012
2002
2007
2003
2018
2011
2011
1997
2018
2015
2018
1997
1996
1992
2007
1999
2018
2013
2015
2013
1999
2017
2010
1998
2009
2006
2000
2017
2003
2009
2010
2006
2008
2005
2007
2000
1997
2016
2002
2010
1965
2015
2008
1996
2015
2017
2003
2010
2010
2006
2015
2001
2008
2008
2008
2005
2007
2012
1995
2009
2015
2001
2004
2005
2011
2018
2007
2012
2017
1995
2009
2011
2015
2017
2008
1989
2013
2009
2015
2012
2009
2011
2015
2005
2002
2001
1988
2010
2005
1996
2009
2012
1987
2006
2014
2012
2000
2016
2012
2008
2014
1999
1997
2002
2016
2015
2014
2003
2005
2016
2002
2007
2012
2016
2016
2009
1993
2007
2008
2017
1995
2007
2004
1968
2018
2007
1993
2008
2015
1955
1984
2010
2017
1990
2005
2003
2018
2010
2013
2013
2010
2012
2011
2015
2010
2011
2009
2017
2016
2010
1998
2015
2018
2018
2003
2017
2007
2017
2014
2019
2006
2006
1999
2009
1995
2010
2009
2016
2008
2017
2006
2005
2007
2017
2016
2005
2008
2016
2017
2011
2008
2011
2018
2016
2009
2009
2011
2007
2017
2010
2014
2003
2002
2008
1998
1991
1988
2010
1993
2012
2004
2006
1997
2002
1994
2011
2012
2015
2014
2010
2016
2002
2009
2002
2013
2015
1998
1999
1988
2017
1995
1997
2001
2015
2008
2014
1990
1995
2004
2015
2018
2016
2012
2008
2015
2017
2011
2000
2000
1999
2018
2006
1994
2002
2005
2016
