      2 1973
      2 1974
      4 1975
      8 1976
      4 1977
      4 1978
      2 1979
      2 1980
      4 1981
      4 1982
      2 1983
      8 1984
      2 1985
      4 1986
      6 1989
      2 1990
      2 1991
      6 1992
      8 1993
      6 1994
      4 1995
      2 1996
      2 1997
      4 1999
      8 2000
     10 2001
      8 2002
     10 2003
     16 2004
     10 2005
     16 2006
     20 2007
     20 2008
     20 2009
     16 2010
     36 2011
     14 2012
     28 2013
     30 2014
     22 2015
     28 2016
     30 2017
     62 2018
     24 2019
     30 2020
     22 2021
