2012
2001
2021
2003
1982
2015
1993
2003
1989
2015
1990
1991
1994
1998
1999
2003
1984
1997
2003
1980
2014
1993
2017
2021
2014
2021
2014
1993
2013
1995
2016
1999
2006
2007
1999
2008
2004
2016
2013
1991
2011
2004
2000
2021
2012
2021
2021
1999
2017
2021
2015
2021
2015
2021
2013
2012
1997
1997
2019
1988
2011
2001
1992
2019
2010
2019
2010
1997
2003
1980
2008
2003
2012
2009
1998
2019
2019
2012
2021
2012
2013
2020
2014
2018
1997
2013
2003
2008
2011
1997
2011
2009
2006
2014
2001
2018
2019
2018
2021
2014
2017
2016
2021
2004
2017
2013
2006
2017
2010
2010
2018
2003
2002
2000
2016
1992
2008
2018
2014
2018
2016
1992
2015
2013
2020
2012
1981
2020
2018
2021
2019
2015
1996
2017
2016
2017
2002
1999
2012
2020
2021
2020
2021
2012
2013
2021
1988
2006
2016
2015
2011
2013
2016
2021
2012
2016
2021
2021
2010
2008
2018
2021
2020
2020
2020
2013
2020
2021
2020
2017
2011
2020
2009
1987
2007
2017
1988
2020
2018
2020
2020
2018
2016
2018
2016
2020
2020
2014
2018
2018
2018
2020
2020
2020
2013
2017
2013
2016
2018
2018
2018
2016
2020
2013
2018
2018
2020
2020
2016
2020
2014
2016
2020
2020
2017
2016
2020
2020
2020
2020
2016
2002
2020
2020
2008
2019
2020
2016
2020
2017
2020
2017
2018
2020
2020
2018
2018
1999
1990
2017
2018
2020
2009
2020
2017
2017
2019
2020
2020
2020
2020
2007
2020
2015
2017
2017
2019
2017
2010
2018
2019
2019
2020
2019
2017
2014
2020
2020
2005
2018
2011
2007
2020
2015
2015
2016
2017
2020
2017
2017
2013
2015
2015
2017
2014
2017
2006
2009
2019
2019
2017
2019
2015
2019
2017
2019
2014
2008
2019
2017
2013
2019
2009
2017
2019
2019
2019
2016
2019
2015
2005
2019
2019
2019
2015
2019
2019
2019
2013
2019
2014
2013
2019
2018
2019
2015
2019
2018
2011
2014
2014
2018
2018
2018
2018
2015
2018
2018
2018
2018
2017
1982
1979
2018
2017
2017
2018
2017
2009
2006
2017
2016
2017
2017
2016
2016
2017
2002
2016
2016
2016
2015
2016
2017
2015
2017
2016
2016
2016
2001
2015
2016
2015
2008
2010
2015
2014
1997
2018
2014
2010
2016
2013
2017
2011
2014
2011
2017
2017
2017
1971
1993
2016
2012
2013
2016
2014
2013
2009
1996
2012
2018
2013
2012
2012
2018
2006
2018
2016
2001
2017
1999
2014
1998
2016
2000
2015
2015
2001
2014
2014
2006
2015
1995
2003
2017
1998
1992
2019
2018
2002
2000
2017
2001
2007
2018
2016
2016
2001
2016
2013
2010
1967
2005
2009
2016
2016
2014
1992
2015
1976
2012
1997
2012
1988
2009
2006
2002
2013
2012
2014
2015
2016
2013
2017
2004
2017
2013
2013
2016
2015
2015
2010
2017
2018
2018
1992
2016
2009
2019
2010
2016
2016
1997
2005
2012
2019
2012
2013
1973
2002
2018
1997
2019
2015
1996
2001
1998
1998
2000
2003
2006
2017
1982
2010
2012
1994
2007
2012
2015
2009
2016
2010
2008
2002
2010
2016
2018
2016
2014
2014
1990
2011
2001
2003
2008
2015
1987
2017
2015
2008
2004
2011
2018
2015
2016
2013
2013
2017
1997
2010
2015
2005
2018
2016
2016
2014
2017
2017
2009
2015
1997
2001
2014
1973
2005
2011
2013
2017
1995
2015
2003
2004
2011
2014
2017
1997
2015
2015
2017
2004
1998
2017
2016
2015
2010
2010
2014
1992
2015
1998
2013
1962
2014
2012
1979
2013
2015
2016
1986
2002
2016
1973
2003
2009
2015
2008
2015
2015
2017
2016
1997
2009
2016
2015
2016
2013
2011
2016
2015
2016
2013
2014
2009
2016
2014
2018
2016
2013
2002
2016
2002
2007
1990
1992
1992
2007
2016
1986
1996
1994
2012
2008
1980
2012
2015
2010
1980
2014
2008
2008
2017
2015
1968
1998
1995
2012
2019
2014
2000
1993
1988
1997
2000
2011
2010
2008
1999
2010
2013
2012
2015
2014
2015
1996
1993
2015
2008
2016
2009
2014
2015
2012
2015
2008
2017
1981
1996
2007
1972
2007
2017
2016
1980
2011
2003
2015
2005
2013
2000
2016
2016
2015
2016
2010
2007
2014
2016
2010
1996
1994
1992
2015
2006
2012
2016
2007
2015
2016
2016
2010
2009
1978
2017
2013
2011
2009
2005
2017
2016
2017
2009
2010
1992
2016
2017
2006
2015
2017
1974
1999
2003
2003
2009
2016
2014
2001
1997
2013
2017
2012
2014
2014
2014
2011
2015
2014
2001
2014
2013
2015
2017
2009
1999
1974
2017
1996
2015
2009
2014
2015
1996
2014
2016
2016
2017
2015
2010
2014
2016
2008
2016
2013
2009
2016
2005
2018
2016
2005
2016
2007
2016
2015
2018
2014
2002
2017
2015
1967
2010
2014
2016
2017
2001
2011
2007
2009
2012
2001
2021
2003
1982
2015
1993
2003
1989
2015
1990
1991
1994
1998
1999
2003
1984
1997
2003
1980
2014
1993
2017
2021
2014
2021
2014
1993
2013
1995
2016
1999
2006
2007
1999
2008
2004
2016
2013
1991
2011
2004
2000
2021
2012
2021
2021
1999
2017
2021
2015
2021
2015
2021
2013
2012
1997
1997
2019
1988
2011
2001
1992
2019
2010
2019
2010
1997
2003
1980
2008
2003
2012
2009
1998
2019
2019
2012
2021
2012
2013
2020
2014
2018
1997
2013
2003
2008
2011
1997
2011
2009
2006
2014
2001
2018
2019
2018
2021
2014
2017
2016
2021
2004
2017
2013
2006
2017
2010
2010
2018
2003
2002
2000
2016
1992
2008
2018
2014
2018
2016
1992
2015
2013
2020
2012
1981
2020
2018
2021
2019
2015
1996
2017
2016
2017
2002
1999
2012
2020
2021
2020
2021
2012
2013
2021
1988
2006
2016
2015
2011
2013
2016
2021
2012
2016
2021
2021
2010
2008
2018
2021
2020
2020
2020
2013
2020
2021
2020
2017
2011
2020
2009
1987
2007
2017
1988
2020
2018
2020
2020
2018
2016
2018
2016
2020
2020
2014
2018
2018
2018
2020
2020
2020
2013
2017
2013
2016
2018
2018
2018
2016
2020
2013
2018
2018
2020
2020
2016
2020
2014
2016
2020
2020
2017
2016
2020
2020
2020
2020
2016
2002
2020
2020
2008
2019
2020
2016
2020
2017
2020
2017
2018
2020
2020
2018
2018
1999
1990
2017
2018
2020
2009
2020
2017
2017
2019
2020
2020
2020
2020
2007
2020
2015
2017
2017
2019
2017
2010
2018
2019
2019
2020
2019
2017
2014
2020
2020
2005
2018
2011
2007
2020
2015
2015
2016
2017
2020
2017
2017
2013
2015
2015
2017
2014
2017
2006
2009
2019
2019
2017
2019
2015
2019
2017
2019
2014
2008
2019
2017
2013
2019
2009
2017
2019
2019
2019
2016
2019
2015
2005
2019
2019
2019
2015
2019
2019
2019
2013
2019
2014
2013
2019
2018
2019
2015
2019
2018
2011
2014
2014
2018
2018
2018
2018
2015
2018
2018
2018
2018
2017
1982
1979
2018
2017
2017
2018
2017
2009
2006
2017
2016
2017
2017
2016
2016
2017
2002
2016
2016
2016
2015
2016
2017
2015
2017
2016
2016
2016
2001
2015
2016
2015
2008
2010
2015
2014
1997
2018
2014
2010
2016
2013
2017
2011
2014
2011
2017
2017
2017
1971
1993
2016
2012
2013
2016
2014
2013
2009
1996
2012
2018
2013
2012
2012
2018
2006
2018
2016
2001
2017
1999
2014
1998
2016
2000
2015
2015
2001
2014
2014
2006
2015
1995
2003
2017
1998
1992
2019
2018
2002
2000
2017
2001
2007
2018
2016
2016
2001
2016
2013
2010
1967
2005
2009
2016
2016
2014
1992
2015
1976
2012
1997
2012
1988
2009
2006
2002
2013
2012
2014
2015
2016
2013
2017
2004
2017
2013
2013
2016
2015
2015
2010
2017
2018
2018
1992
2016
2009
2019
2010
2016
2016
1997
2005
2012
2019
2012
2013
1973
2002
2018
1997
2019
2015
1996
2001
1998
1998
2000
2003
2006
2017
1982
2010
2012
1994
2007
2012
2015
2009
2016
2010
2008
2002
2010
2016
2018
2016
2014
2014
1990
2011
2001
2003
2008
2015
1987
2017
2015
2008
2004
2011
2018
2015
2016
2013
2013
2017
1997
2010
2015
2005
2018
2016
2016
2014
2017
2017
2009
2015
1997
2001
2014
1973
2005
2011
2013
2017
1995
2015
2003
2004
2011
2014
2017
1997
2015
2015
2017
2004
1998
2017
2016
2015
2010
2010
2014
1992
2015
1998
2013
1962
2014
2012
1979
2013
2015
2016
1986
2002
2016
1973
2003
2009
2015
2008
2015
2015
2017
2016
1997
2009
2016
2015
2016
2013
2011
2016
2015
2016
2013
2014
2009
2016
2014
2018
2016
2013
2002
2016
2002
2007
1990
1992
1992
2007
2016
1986
1996
1994
2012
2008
1980
2012
2015
2010
1980
2014
2008
2008
2017
2015
1968
1998
1995
2012
2019
2014
2000
1993
1988
1997
2000
2011
2010
2008
1999
2010
2013
2012
2015
2014
2015
1996
1993
2015
2008
2016
2009
2014
2015
2012
2015
2008
2017
1981
1996
2007
1972
2007
2017
2016
1980
2011
2003
2015
2005
2013
2000
2016
2016
2015
2016
2010
2007
2014
2016
2010
1996
1994
1992
2015
2006
2012
2016
2007
2015
2016
2016
2010
2009
1978
2017
2013
2011
2009
2005
2017
2016
2017
2009
2010
1992
2016
2017
2006
2015
2017
1974
1999
2003
2003
2009
2016
2014
2001
1997
2013
2017
2012
2014
2014
2014
2011
2015
2014
2001
2014
2013
2015
2017
2009
1999
1974
2017
1996
2015
2009
2014
2015
1996
2014
2016
2016
2017
2015
2010
2014
2016
2008
2016
2013
2009
2016
2005
2018
2016
2005
2016
2007
2016
2015
2018
2014
2002
2017
2015
1967
2010
2014
2016
2017
2001
2011
2007
2009
