      2 1962
      4 1967
      2 1968
      2 1971
      2 1972
      6 1973
      4 1974
      2 1976
      2 1978
      4 1979
     10 1980
      4 1981
      6 1982
      2 1984
      4 1986
      4 1987
     10 1988
      2 1989
      8 1990
      4 1991
     22 1992
     12 1993
      8 1994
      8 1995
     18 1996
     32 1997
     18 1998
     20 1999
     16 2000
     28 2001
     24 2002
     32 2003
     14 2004
     20 2005
     24 2006
     28 2007
     38 2008
     50 2009
     52 2010
     40 2011
     58 2012
     82 2013
     98 2014
    132 2015
    170 2016
    146 2017
    104 2018
     78 2019
     96 2020
     42 2021
