      4 1942
      4 1944
      4 1945
      2 1954
      2 1955
      2 1956
      2 1958
      2 1959
      4 1960
      2 1961
      2 1964
      2 1965
      2 1967
      4 1971
      2 1972
      6 1973
      2 1974
      4 1975
      2 1976
      2 1977
      6 1979
      8 1980
     10 1981
     16 1982
     12 1983
     10 1984
     10 1985
      6 1986
      2 1987
      6 1988
      8 1989
     14 1990
      4 1991
      4 1992
     12 1993
     14 1994
      8 1995
      8 1996
      8 1997
     14 1998
      4 1999
     10 2000
     12 2001
     16 2002
     20 2003
     24 2004
     42 2005
     48 2006
     28 2007
     58 2008
     66 2009
     70 2010
     74 2011
     92 2012
    106 2013
    130 2014
    174 2015
    280 2016
    364 2017
    352 2018
    320 2019
    182 2020
    146 2021
