2021
1998
2021
2002
2003
2011
2010
2021
2020
2021
2021
2017
1994
2017
2020
2005
2018
1961
2021
2008
2008
2021
2006
2004
2003
2001
2008
2010
2013
2011
2011
2021
2021
2021
2021
2021
2018
1995
2020
2015
2021
2016
2021
2021
2013
2021
2021
2018
2014
2020
2009
2021
2019
2021
2021
2019
2020
2021
2021
2019
2021
2020
2021
2017
2010
2019
2020
2012
2018
1959
2021
2019
2021
2021
2020
2020
2019
2019
2021
2019
2016
2004
1981
1988
2020
1981
2021
2021
2015
2018
2019
2021
2021
2019
2021
2021
2021
2021
2019
2012
2017
2021
2014
2021
2021
2021
2009
2011
2006
2021
2021
2021
2020
2021
2020
2021
2021
2021
2018
2019
2019
2021
2017
2016
2015
2016
2020
2021
2015
2014
2008
2004
2021
2020
2017
2021
2019
2020
2020
2021
2021
2021
2020
2017
2017
2017
2021
2016
2020
2021
2021
2021
2021
2017
2021
2020
2020
2015
2020
2021
2020
2020
2020
2018
2011
2020
2020
2021
2021
2021
2020
2018
2002
2018
2021
2021
2018
2020
2021
2020
2020
2021
2021
2021
2018
2019
2020
2018
2021
2020
2005
2005
2021
2020
2020
1999
2020
2019
2021
2014
2019
2019
2012
2020
2019
2009
2020
2019
2017
2019
2019
2013
2020
2019
2013
2020
2017
2020
2020
2018
2019
2011
2010
2015
2010
2011
2016
2009
2019
1979
2019
2012
2020
2019
2020
2017
2020
2013
2016
2020
2009
2018
2018
1975
2005
2014
1982
2018
1980
2018
2020
2020
2020
2004
1990
1982
2006
2002
2019
2017
2018
2016
2019
2019
2020
2018
2014
2009
2007
1999
2007
2015
2013
2015
2016
2020
2014
2014
2020
2014
2018
2018
2019
2016
2016
2018
2020
2020
2019
2015
2016
2016
1998
2020
2020
2020
2020
2018
2018
2020
2020
2019
2020
2020
2020
2018
2020
2019
2018
2018
2020
2020
2012
2011
2012
2013
2013
2015
2015
2014
2013
2014
2019
2012
2011
2013
2019
2019
2011
2019
2019
2019
2019
2015
2006
2020
1997
1994
1958
1956
2019
1954
2012
2019
2020
2020
2008
2020
2018
2016
2020
2017
2008
2006
2006
2009
2008
2004
2011
2020
2016
2019
2014
2015
2019
1981
1996
2019
1979
1984
1985
1981
1973
2010
2009
2012
2007
2009
2006
2004
2019
2018
2019
2017
2018
2012
2019
2020
1994
2016
2019
2019
2020
2013
2012
2020
2020
2020
2019
2019
2011
2009
2005
2012
2019
2020
2006
2010
2009
2008
2009
2019
2019
2019
2020
2018
2018
2018
2019
2020
1990
2015
2008
1984
1998
1980
2013
1993
2014
2014
2005
2006
2001
2003
2016
1998
2015
1987
2014
2018
2020
2019
2020
2017
2020
2016
2019
2018
2019
2020
2019
2019
2016
2017
2020
2019
2020
2016
2014
2019
2019
2018
2020
2019
2019
2018
2019
2014
2020
2019
1994
2017
2020
2019
2019
2019
2020
2019
2019
2018
2018
2020
2017
2018
2019
2018
2019
2014
2015
2001
2006
2011
2013
2011
2019
2007
2017
2010
2009
2008
2012
2011
2016
2018
2017
2019
2017
2017
2016
2019
2017
2017
2019
2017
2019
2019
2018
2019
2019
2019
2019
2019
2019
2019
2018
2013
2016
2018
2016
2019
2019
2019
2018
2017
2017
2018
2019
2017
2019
2019
2019
2019
2018
2016
2018
2019
2019
2019
2006
2019
2018
2019
2018
2019
2016
2019
2019
2019
2018
2019
2019
2019
2019
2019
2019
2015
2017
2019
2018
2019
2008
2013
2004
2019
2018
2019
2017
2019
2016
2019
2018
2012
2019
2019
2019
2019
2018
2016
2019
2019
2019
2019
2018
2014
2016
2019
2018
2011
2019
2019
2019
2019
2019
2019
2005
2003
2003
2018
2005
2019
2019
2018
2019
2019
2019
2019
2016
2019
2018
2019
2018
2014
2016
2018
2018
2007
2016
2017
2018
2012
2014
2015
2018
2018
2018
2015
2017
2013
2017
2014
2018
2018
2004
2012
2018
2002
2008
2017
2010
2010
2017
2019
2012
2016
2015
2017
2019
2018
2017
2016
2018
2018
2018
2018
2018
2018
2015
2018
2018
2011
2018
2018
2017
2017
2018
2018
2011
2014
2014
2018
2014
2015
2015
2009
2018
2018
2018
2018
2017
2018
2009
2018
2018
2009
2008
2015
2013
2011
2018
2012
2010
2006
2007
2009
2015
2012
2007
2013
2012
2012
2015
2007
2014
2008
2010
2014
2013
2013
2014
2008
2006
2018
2018
2015
2013
2018
2018
2018
2018
1989
2016
2009
2014
2016
2009
2017
2012
2013
2014
2017
2014
2008
2009
2018
2014
2009
2008
2009
2016
2012
2017
2012
2011
2011
2014
2013
2016
2016
2015
2014
2008
2013
2017
2012
2016
2012
2009
2010
2016
2018
2018
2014
2018
2017
2017
2017
2017
2017
2017
2017
2018
2018
2018
2016
2016
2000
2010
2014
2010
2009
2016
2010
2006
2012
2015
2012
2011
2012
2018
2018
2018
2018
2018
2018
2006
2003
2013
2018
2007
2015
2010
2018
2017
2018
2018
2018
2007
2018
2017
2016
2017
2018
2018
2018
2017
2018
2017
2004
2016
2007
2000
2017
2018
2018
1998
2017
2016
2016
2004
2018
2018
2018
2017
1998
2018
1980
1986
2017
2018
2017
2017
2017
1986
1991
2006
2017
2017
2017
2017
2017
2017
2017
2016
2016
2017
2017
2017
2017
2017
1988
1983
1973
1974
1989
1984
2016
2017
2017
2017
2017
2017
2015
2015
2015
2017
2016
2012
1971
2016
1994
2017
2017
1993
2017
1993
1995
1998
2016
2011
2017
2017
2017
2017
1992
1994
2010
1995
1996
1996
2017
2016
2014
2016
2016
2016
2017
1971
2014
1975
2016
2017
2001
2016
2017
2014
2015
2016
2016
2016
2017
2017
2016
2016
2016
2016
2014
2015
2016
2012
2016
2016
2016
2016
2010
2015
2016
2012
2016
2016
2010
2005
2012
2014
2008
2016
2015
2015
2015
2015
2015
2015
2015
2015
2014
2013
1988
1986
1990
1990
1991
2019
2014
2019
2018
2017
2017
2020
2018
2017
2016
2018
2016
1989
2012
2016
2016
2019
2017
2017
2011
2010
2010
2016
2014
2017
2006
2015
2004
2016
2019
1977
2011
2017
2018
2012
2013
2007
2015
2018
2011
2018
2012
2014
2016
2016
2013
2005
2006
2019
2015
2009
2009
2013
1982
2008
2016
2015
2015
2012
2014
2010
2013
2018
2006
2007
2017
2015
2016
2012
1973
2018
2016
2017
2017
2016
1960
2014
2015
2019
2008
2015
2010
2000
2017
2016
2015
2017
2017
2016
2008
2008
2014
1967
2018
2015
2017
2016
2006
2018
2016
2016
2017
2019
2007
2018
2002
1985
2017
2015
2017
1989
2014
2003
2016
2018
2015
2017
2017
2014
2014
2002
2016
2016
2018
2019
2011
2019
2015
2019
2016
2018
2017
2019
2016
2017
2017
2013
1990
2013
2005
2013
2006
2015
2013
2010
2014
2015
2000
2017
2013
2005
2015
2017
2018
1976
2010
2016
2015
2017
2017
2008
2017
2018
2017
2013
2016
2016
2016
2012
2017
2018
2016
2017
2014
2010
2014
2005
2016
2003
2002
2010
2018
2015
2012
2017
2006
2015
2009
2013
2012
2016
2018
1960
2017
2005
1997
2017
1992
2017
1981
2016
2010
2017
2017
2008
2017
2005
1993
2006
2003
2018
2015
2015
2013
1945
1972
2017
2016
2017
2017
1982
2018
1997
2013
1990
1983
2014
2017
1990
2015
2017
2017
2017
1994
2011
2015
1995
2005
2018
2017
2016
2018
2013
2005
2017
2016
2014
2017
2016
2016
1983
2006
2013
2017
2017
2018
2009
2017
2017
2017
2019
2015
2011
2015
1984
2012
2017
2013
2013
2001
2014
1982
2011
2016
2017
2017
2018
2017
2017
1983
2017
2016
2018
2017
2015
2017
2015
1997
2017
2016
2009
2015
2012
2017
2010
1980
1942
2013
1984
2000
2014
2011
2015
2016
1996
1985
2005
2017
2011
2017
2015
2010
2015
2016
2018
2014
2004
2018
2018
2016
1982
2016
1983
2016
2014
2013
1945
2008
1964
2015
2005
2017
2008
2012
1982
2013
2012
2011
2012
2002
2008
2016
2017
2013
2005
2019
2018
2019
2015
2018
2010
2018
2016
2008
2013
2017
2018
2010
2017
1993
1942
2016
2017
1983
2017
2016
2016
1965
2018
2011
2009
2017
2017
2018
2009
2014
2003
2014
2015
2015
2014
1979
2017
2005
2016
2015
2018
2016
2016
1982
1993
2009
2018
1944
2016
2018
2017
2019
2017
2015
2011
1955
2013
2017
2018
2013
2016
2016
2015
2017
2018
2017
1985
2017
2016
2010
2016
2013
2018
2016
2017
2016
1985
1944
2010
2015
2015
2017
2017
2011
2018
2016
2018
2016
2017
2014
2018
2016
2013
2014
2015
2018
2017
2017
2018
2016
2016
2017
2019
2015
2001
2011
2013
2018
2016
2009
2015
2021
1998
2021
2002
2003
2011
2010
2021
2020
2021
2021
2017
1994
2017
2020
2005
2018
1961
2021
2008
2008
2021
2006
2004
2003
2001
2008
2010
2013
2011
2011
2021
2021
2021
2021
2021
2018
1995
2020
2015
2021
2016
2021
2021
2013
2021
2021
2018
2014
2020
2009
2021
2019
2021
2021
2019
2020
2021
2021
2019
2021
2020
2021
2017
2010
2019
2020
2012
2018
1959
2021
2019
2021
2021
2020
2020
2019
2019
2021
2019
2016
2004
1981
1988
2020
1981
2021
2021
2015
2018
2019
2021
2021
2019
2021
2021
2021
2021
2019
2012
2017
2021
2014
2021
2021
2021
2009
2011
2006
2021
2021
2021
2020
2021
2020
2021
2021
2021
2018
2019
2019
2021
2017
2016
2015
2016
2020
2021
2015
2014
2008
2004
2021
2020
2017
2021
2019
2020
2020
2021
2021
2021
2020
2017
2017
2017
2021
2016
2020
2021
2021
2021
2021
2017
2021
2020
2020
2015
2020
2021
2020
2020
2020
2018
2011
2020
2020
2021
2021
2021
2020
2018
2002
2018
2021
2021
2018
2020
2021
2020
2020
2021
2021
2021
2018
2019
2020
2018
2021
2020
2005
2005
2021
2020
2020
1999
2020
2019
2021
2014
2019
2019
2012
2020
2019
2009
2020
2019
2017
2019
2019
2013
2020
2019
2013
2020
2017
2020
2020
2018
2019
2011
2010
2015
2010
2011
2016
2009
2019
1979
2019
2012
2020
2019
2020
2017
2020
2013
2016
2020
2009
2018
2018
1975
2005
2014
1982
2018
1980
2018
2020
2020
2020
2004
1990
1982
2006
2002
2019
2017
2018
2016
2019
2019
2020
2018
2014
2009
2007
1999
2007
2015
2013
2015
2016
2020
2014
2014
2020
2014
2018
2018
2019
2016
2016
2018
2020
2020
2019
2015
2016
2016
1998
2020
2020
2020
2020
2018
2018
2020
2020
2019
2020
2020
2020
2018
2020
2019
2018
2018
2020
2020
2012
2011
2012
2013
2013
2015
2015
2014
2013
2014
2019
2012
2011
2013
2019
2019
2011
2019
2019
2019
2019
2015
2006
2020
1997
1994
1958
1956
2019
1954
2012
2019
2020
2020
2008
2020
2018
2016
2020
2017
2008
2006
2006
2009
2008
2004
2011
2020
2016
2019
2014
2015
2019
1981
1996
2019
1979
1984
1985
1981
1973
2010
2009
2012
2007
2009
2006
2004
2019
2018
2019
2017
2018
2012
2019
2020
1994
2016
2019
2019
2020
2013
2012
2020
2020
2020
2019
2019
2011
2009
2005
2012
2019
2020
2006
2010
2009
2008
2009
2019
2019
2019
2020
2018
2018
2018
2019
2020
1990
2015
2008
1984
1998
1980
2013
1993
2014
2014
2005
2006
2001
2003
2016
1998
2015
1987
2014
2018
2020
2019
2020
2017
2020
2016
2019
2018
2019
2020
2019
2019
2016
2017
2020
2019
2020
2016
2014
2019
2019
2018
2020
2019
2019
2018
2019
2014
2020
2019
1994
2017
2020
2019
2019
2019
2020
2019
2019
2018
2018
2020
2017
2018
2019
2018
2019
2014
2015
2001
2006
2011
2013
2011
2019
2007
2017
2010
2009
2008
2012
2011
2016
2018
2017
2019
2017
2017
2016
2019
2017
2017
2019
2017
2019
2019
2018
2019
2019
2019
2019
2019
2019
2019
2018
2013
2016
2018
2016
2019
2019
2019
2018
2017
2017
2018
2019
2017
2019
2019
2019
2019
2018
2016
2018
2019
2019
2019
2006
2019
2018
2019
2018
2019
2016
2019
2019
2019
2018
2019
2019
2019
2019
2019
2019
2015
2017
2019
2018
2019
2008
2013
2004
2019
2018
2019
2017
2019
2016
2019
2018
2012
2019
2019
2019
2019
2018
2016
2019
2019
2019
2019
2018
2014
2016
2019
2018
2011
2019
2019
2019
2019
2019
2019
2005
2003
2003
2018
2005
2019
2019
2018
2019
2019
2019
2019
2016
2019
2018
2019
2018
2014
2016
2018
2018
2007
2016
2017
2018
2012
2014
2015
2018
2018
2018
2015
2017
2013
2017
2014
2018
2018
2004
2012
2018
2002
2008
2017
2010
2010
2017
2019
2012
2016
2015
2017
2019
2018
2017
2016
2018
2018
2018
2018
2018
2018
2015
2018
2018
2011
2018
2018
2017
2017
2018
2018
2011
2014
2014
2018
2014
2015
2015
2009
2018
2018
2018
2018
2017
2018
2009
2018
2018
2009
2008
2015
2013
2011
2018
2012
2010
2006
2007
2009
2015
2012
2007
2013
2012
2012
2015
2007
2014
2008
2010
2014
2013
2013
2014
2008
2006
2018
2018
2015
2013
2018
2018
2018
2018
1989
2016
2009
2014
2016
2009
2017
2012
2013
2014
2017
2014
2008
2009
2018
2014
2009
2008
2009
2016
2012
2017
2012
2011
2011
2014
2013
2016
2016
2015
2014
2008
2013
2017
2012
2016
2012
2009
2010
2016
2018
2018
2014
2018
2017
2017
2017
2017
2017
2017
2017
2018
2018
2018
2016
2016
2000
2010
2014
2010
2009
2016
2010
2006
2012
2015
2012
2011
2012
2018
2018
2018
2018
2018
2018
2006
2003
2013
2018
2007
2015
2010
2018
2017
2018
2018
2018
2007
2018
2017
2016
2017
2018
2018
2018
2017
2018
2017
2004
2016
2007
2000
2017
2018
2018
1998
2017
2016
2016
2004
2018
2018
2018
2017
1998
2018
1980
1986
2017
2018
2017
2017
2017
1986
1991
2006
2017
2017
2017
2017
2017
2017
2017
2016
2016
2017
2017
2017
2017
2017
1988
1983
1973
1974
1989
1984
2016
2017
2017
2017
2017
2017
2015
2015
2015
2017
2016
2012
1971
2016
1994
2017
2017
1993
2017
1993
1995
1998
2016
2011
2017
2017
2017
2017
1992
1994
2010
1995
1996
1996
2017
2016
2014
2016
2016
2016
2017
1971
2014
1975
2016
2017
2001
2016
2017
2014
2015
2016
2016
2016
2017
2017
2016
2016
2016
2016
2014
2015
2016
2012
2016
2016
2016
2016
2010
2015
2016
2012
2016
2016
2010
2005
2012
2014
2008
2016
2015
2015
2015
2015
2015
2015
2015
2015
2014
2013
1988
1986
1990
1990
1991
2019
2014
2019
2018
2017
2017
2020
2018
2017
2016
2018
2016
1989
2012
2016
2016
2019
2017
2017
2011
2010
2010
2016
2014
2017
2006
2015
2004
2016
2019
1977
2011
2017
2018
2012
2013
2007
2015
2018
2011
2018
2012
2014
2016
2016
2013
2005
2006
2019
2015
2009
2009
2013
1982
2008
2016
2015
2015
2012
2014
2010
2013
2018
2006
2007
2017
2015
2016
2012
1973
2018
2016
2017
2017
2016
1960
2014
2015
2019
2008
2015
2010
2000
2017
2016
2015
2017
2017
2016
2008
2008
2014
1967
2018
2015
2017
2016
2006
2018
2016
2016
2017
2019
2007
2018
2002
1985
2017
2015
2017
1989
2014
2003
2016
2018
2015
2017
2017
2014
2014
2002
2016
2016
2018
2019
2011
2019
2015
2019
2016
2018
2017
2019
2016
2017
2017
2013
1990
2013
2005
2013
2006
2015
2013
2010
2014
2015
2000
2017
2013
2005
2015
2017
2018
1976
2010
2016
2015
2017
2017
2008
2017
2018
2017
2013
2016
2016
2016
2012
2017
2018
2016
2017
2014
2010
2014
2005
2016
2003
2002
2010
2018
2015
2012
2017
2006
2015
2009
2013
2012
2016
2018
1960
2017
2005
1997
2017
1992
2017
1981
2016
2010
2017
2017
2008
2017
2005
1993
2006
2003
2018
2015
2015
2013
1945
1972
2017
2016
2017
2017
1982
2018
1997
2013
1990
1983
2014
2017
1990
2015
2017
2017
2017
1994
2011
2015
1995
2005
2018
2017
2016
2018
2013
2005
2017
2016
2014
2017
2016
2016
1983
2006
2013
2017
2017
2018
2009
2017
2017
2017
2019
2015
2011
2015
1984
2012
2017
2013
2013
2001
2014
1982
2011
2016
2017
2017
2018
2017
2017
1983
2017
2016
2018
2017
2015
2017
2015
1997
2017
2016
2009
2015
2012
2017
2010
1980
1942
2013
1984
2000
2014
2011
2015
2016
1996
1985
2005
2017
2011
2017
2015
2010
2015
2016
2018
2014
2004
2018
2018
2016
1982
2016
1983
2016
2014
2013
1945
2008
1964
2015
2005
2017
2008
2012
1982
2013
2012
2011
2012
2002
2008
2016
2017
2013
2005
2019
2018
2019
2015
2018
2010
2018
2016
2008
2013
2017
2018
2010
2017
1993
1942
2016
2017
1983
2017
2016
2016
1965
2018
2011
2009
2017
2017
2018
2009
2014
2003
2014
2015
2015
2014
1979
2017
2005
2016
2015
2018
2016
2016
1982
1993
2009
2018
1944
2016
2018
2017
2019
2017
2015
2011
1955
2013
2017
2018
2013
2016
2016
2015
2017
2018
2017
1985
2017
2016
2010
2016
2013
2018
2016
2017
2016
1985
1944
2010
2015
2015
2017
2017
2011
2018
2016
2018
2016
2017
2014
2018
2016
2013
2014
2015
2018
2017
2017
2018
2016
2016
2017
2019
2015
2001
2011
2013
2018
2016
2009
2015
