2021
2021
2021
2021
2019
2021
2021
2015
2015
2020
2020
2020
2020
2020
2021
2020
2021
2021
2020
2020
2019
2018
2016
2020
2018
2017
2018
1954
2008
2020
2020
2018
2020
2017
2017
2020
2020
2020
2020
2020
2019
2020
2020
2020
2020
2017
2020
2020
2018
2018
2020
2016
2019
2020
2017
2020
2019
1999
2019
2019
2019
2019
2018
2019
2019
2019
2019
2019
2014
2012
2019
2018
2018
2018
2018
2018
2017
2018
2017
2017
2017
2016
2016
2015
2013
2011
2016
2013
2017
2013
2013
1978
2015
2016
2017
2010
2015
2016
2017
2016
2015
2017
2010
1999
2016
2018
2013
2016
2016
2017
2018
2017
2017
2018
2012
2017
2010
2014
2014
2016
2018
2016
2017
2017
2018
2017
2021
2021
2021
2021
2019
2021
2021
2015
2015
2020
2020
2020
2020
2020
2021
2020
2021
2021
2020
2020
2019
2018
2016
2020
2018
2017
2018
1954
2008
2020
2020
2018
2020
2017
2017
2020
2020
2020
2020
2020
2019
2020
2020
2020
2020
2017
2020
2020
2018
2018
2020
2016
2019
2020
2017
2020
2019
1999
2019
2019
2019
2019
2018
2019
2019
2019
2019
2019
2014
2012
2019
2018
2018
2018
2018
2018
2017
2018
2017
2017
2017
2016
2016
2015
2013
2011
2016
2013
2017
2013
2013
1978
2015
2016
2017
2010
2015
2016
2017
2016
2015
2017
2010
1999
2016
2018
2013
2016
2016
2017
2018
2017
2017
2018
2012
2017
2010
2014
2014
2016
2018
2016
2017
2017
2018
2017
