      2 1945
      2 1963
      2 1967
      2 1970
      2 1972
      2 1973
      4 1975
      2 1976
      2 1977
      4 1978
      4 1979
      2 1981
      4 1982
      8 1983
      2 1984
      4 1985
      2 1986
      2 1987
      2 1988
      4 1989
      6 1990
     10 1991
      6 1992
      6 1993
      2 1994
      6 1997
     14 1998
      8 1999
      2 2000
      4 2001
     10 2002
     16 2003
     16 2004
      8 2005
     26 2006
     24 2007
     40 2008
     16 2009
     66 2010
     40 2011
     82 2012
     96 2013
    124 2014
    270 2015
    546 2016
    674 2017
    716 2018
    572 2019
    440 2020
    220 2021
