      6 1943
      2 1946
      2 1947
      2 1955
      4 1960
      4 1962
      2 1966
      2 1969
      2 1970
      2 1972
      2 1974
      2 1975
      4 1976
      2 1977
      2 1978
      2 1979
      2 1980
      2 1981
      4 1982
      2 1987
      8 1988
      4 1989
      2 1991
      2 1993
      2 1994
      4 1995
      2 1996
      2 1997
      2 1998
      4 1999
      6 2000
      4 2001
      2 2002
      2 2003
     18 2004
     18 2005
     16 2006
     10 2007
     12 2008
     20 2009
     20 2010
     22 2011
     20 2012
     40 2013
     52 2014
     70 2015
    104 2016
    160 2017
    142 2018
    124 2019
     92 2020
     40 2021
