2021
1996
1997
2004
2001
2008
2009
2007
2005
2006
2004
2021
2021
2015
2021
2020
2018
2021
2020
2016
2013
2020
2021
2021
2021
2020
2018
2019
2021
2021
2017
2021
2019
2020
2018
2020
2020
2021
2012
2019
2019
2021
2021
2021
2020
2021
2020
2016
2009
2021
2017
2018
2021
2017
2020
2021
2019
2021
2020
2020
2006
2004
2019
2020
2020
2020
2020
2018
2020
2020
2020
2020
2020
2018
2020
2016
2020
2019
2020
2020
2020
2017
2020
2020
2019
2019
2013
2003
2007
2020
2018
2020
2019
2018
2018
2020
2019
2020
2020
2017
2020
2018
2009
2020
2020
2019
2015
2014
2012
2013
2017
2020
2020
2020
2006
2019
2018
1982
1976
2020
2006
2008
2005
2018
2010
2018
2020
2016
2019
2019
2020
2020
2016
2019
2012
2018
2010
2019
2015
2020
2020
2020
2014
2017
2019
2017
2015
2019
2004
2019
2017
2019
2019
2016
2018
2019
2019
2011
2012
2017
2016
2015
2017
2019
2019
2019
2019
2019
2019
2018
2017
2019
2019
2018
2019
2019
2019
2019
2019
2019
2019
2018
2019
2018
2019
2019
2019
2019
2019
2019
2019
2019
2019
2019
2018
2018
2016
2008
2019
2019
2016
2018
2019
2019
2014
2018
2013
2018
2018
2001
2018
2019
2018
2018
2018
2018
2018
2014
2018
2018
2018
2011
2018
2018
2018
2018
2010
2013
2014
2014
2009
2015
2005
2016
2013
2013
2015
2013
2015
2018
2018
2018
2018
2014
2018
2011
2012
2005
2005
2018
2018
2010
2018
2017
2017
2018
2018
2009
2005
2018
2007
2017
2004
2017
2018
2018
2017
2017
2017
2017
2017
1978
2016
1960
1976
2017
1966
1962
2016
2016
2017
2017
2017
2017
2017
2017
1969
2017
2017
2017
2014
2016
2013
2015
2014
2016
2016
2013
2015
2016
2008
2016
2016
2009
2016
2016
2014
2014
2014
1988
1987
1989
1991
2000
2017
2014
2015
2016
2018
2018
2015
2011
2015
2013
2015
2016
2017
2013
2018
2016
2016
1994
1995
1972
2017
2005
2018
2015
2016
2017
2017
2017
2018
2012
2014
2013
2016
2012
1975
1993
2017
2017
2017
2015
2018
2011
2004
2017
2017
2019
2017
2017
2018
2009
2016
2016
2015
2016
2011
2014
2016
2015
2015
2019
2011
2011
2015
2017
2009
2011
2018
2017
2016
1979
2016
2015
2015
1999
2015
2016
2015
2019
2017
2017
2016
2006
2016
2004
2018
2015
2017
1982
1980
2015
2010
2017
2000
2004
2014
1946
2018
2018
2016
2017
2016
1981
1989
2017
2017
2014
2016
2017
1988
2017
2017
2014
2004
1962
2010
2005
2017
2016
2016
2018
2005
2019
2019
2017
2017
2017
2017
2018
2017
2017
2017
2017
2017
2018
2018
2012
1960
2018
2018
2016
2014
2017
1988
2000
2017
2011
1988
2018
2017
2015
1974
2018
2011
2017
2016
2015
2016
2007
2017
2014
2016
1955
1998
2007
2013
2013
2013
2014
2013
2014
2013
2014
2014
2002
2019
2016
2015
2006
2015
2017
2014
1977
1999
2010
2010
2015
2016
2017
2016
1970
2017
2009
2016
2013
2013
2014
2019
2017
2017
2008
2008
2010
2015
2006
2016
2018
2016
2017
1947
2015
1995
2012
1943
2016
2017
2017
1943
2015
1943
2006
2010
2012
2015
2017
2009
2021
1996
1997
2004
2001
2008
2009
2007
2005
2006
2004
2021
2021
2015
2021
2020
2018
2021
2020
2016
2013
2020
2021
2021
2021
2020
2018
2019
2021
2021
2017
2021
2019
2020
2018
2020
2020
2021
2012
2019
2019
2021
2021
2021
2020
2021
2020
2016
2009
2021
2017
2018
2021
2017
2020
2021
2019
2021
2020
2020
2006
2004
2019
2020
2020
2020
2020
2018
2020
2020
2020
2020
2020
2018
2020
2016
2020
2019
2020
2020
2020
2017
2020
2020
2019
2019
2013
2003
2007
2020
2018
2020
2019
2018
2018
2020
2019
2020
2020
2017
2020
2018
2009
2020
2020
2019
2015
2014
2012
2013
2017
2020
2020
2020
2006
2019
2018
1982
1976
2020
2006
2008
2005
2018
2010
2018
2020
2016
2019
2019
2020
2020
2016
2019
2012
2018
2010
2019
2015
2020
2020
2020
2014
2017
2019
2017
2015
2019
2004
2019
2017
2019
2019
2016
2018
2019
2019
2011
2012
2017
2016
2015
2017
2019
2019
2019
2019
2019
2019
2018
2017
2019
2019
2018
2019
2019
2019
2019
2019
2019
2019
2018
2019
2018
2019
2019
2019
2019
2019
2019
2019
2019
2019
2019
2018
2018
2016
2008
2019
2019
2016
2018
2019
2019
2014
2018
2013
2018
2018
2001
2018
2019
2018
2018
2018
2018
2018
2014
2018
2018
2018
2011
2018
2018
2018
2018
2010
2013
2014
2014
2009
2015
2005
2016
2013
2013
2015
2013
2015
2018
2018
2018
2018
2014
2018
2011
2012
2005
2005
2018
2018
2010
2018
2017
2017
2018
2018
2009
2005
2018
2007
2017
2004
2017
2018
2018
2017
2017
2017
2017
2017
1978
2016
1960
1976
2017
1966
1962
2016
2016
2017
2017
2017
2017
2017
2017
1969
2017
2017
2017
2014
2016
2013
2015
2014
2016
2016
2013
2015
2016
2008
2016
2016
2009
2016
2016
2014
2014
2014
1988
1987
1989
1991
2000
2017
2014
2015
2016
2018
2018
2015
2011
2015
2013
2015
2016
2017
2013
2018
2016
2016
1994
1995
1972
2017
2005
2018
2015
2016
2017
2017
2017
2018
2012
2014
2013
2016
2012
1975
1993
2017
2017
2017
2015
2018
2011
2004
2017
2017
2019
2017
2017
2018
2009
2016
2016
2015
2016
2011
2014
2016
2015
2015
2019
2011
2011
2015
2017
2009
2011
2018
2017
2016
1979
2016
2015
2015
1999
2015
2016
2015
2019
2017
2017
2016
2006
2016
2004
2018
2015
2017
1982
1980
2015
2010
2017
2000
2004
2014
1946
2018
2018
2016
2017
2016
1981
1989
2017
2017
2014
2016
2017
1988
2017
2017
2014
2004
1962
2010
2005
2017
2016
2016
2018
2005
2019
2019
2017
2017
2017
2017
2018
2017
2017
2017
2017
2017
2018
2018
2012
1960
2018
2018
2016
2014
2017
1988
2000
2017
2011
1988
2018
2017
2015
1974
2018
2011
2017
2016
2015
2016
2007
2017
2014
2016
1955
1998
2007
2013
2013
2013
2014
2013
2014
2013
2014
2014
2002
2019
2016
2015
2006
2015
2017
2014
1977
1999
2010
2010
2015
2016
2017
2016
1970
2017
2009
2016
2013
2013
2014
2019
2017
2017
2008
2008
2010
2015
2006
2016
2018
2016
2017
1947
2015
1995
2012
1943
2016
2017
2017
1943
2015
1943
2006
2010
2012
2015
2017
2009
